double1.prop = 91.41367
double2.prop = 53.09497
int.prop = 318.0
cron.prop = */1 * * * * *